-0.044562919877011546
-0.03960555462533263
-0.0381945963357317
-0.03820962218874828
-0.04904948493899543
-0.043889948119205144
-0.03391660759887934
-0.03909823567508108
-0.022509745111234592
-0.039809743468245166
-0.038289925504350564
-0.04613582807811567
-0.04193506560883017
-0.043016474303710826
-0.04604733019174193
-0.042638911487597464
-0.055563968257127415
-0.048211134064162116
-0.02386210685710395
-0.0338254236853349
-0.0433571487246635
-0.03468184976620695
-0.0322152553349568
-0.028967314032424314
-0.027552598643454308
-0.029224938332490236
-0.0457784573884254
-0.033287826353462294
-0.03253561328078418
-0.03639953608163803
-0.029366829837744392
-0.03785425671018418
-0.04581334546162674
-0.04362548188855468
-0.03386072739039308
-0.029176855129666963
-0.026182801952586335
-0.029024488134656887
-0.04338360967018899
-0.034009974215512544
-0.0295559262393419
-0.035650812358705666
-0.05146020625115429
-0.039321894051429995
-0.040713595824569494
-0.04529689938242211
-0.032402225880118186
-0.015691813701503434
-0.02774405118437904
-0.04063907280481799
-0.03884791075339671
-0.049377696069971284
-0.0389075928987229
-0.04323255186671036
-0.03165965961455878
-0.03718277367679841
-0.04909486025772965
-0.048195617958671826
-0.04249872494898695
-0.035956414920003794
-0.028265977995957096
-0.03748012549734428
-0.03233768399640777
-0.035352606552616773
-0.0384569652232957
-0.03608421946596254
-0.050426783171970996
-0.04806068479973937
-0.033946206616439045
-0.03595032908876462
-0.03486772404764941
-0.04969069142234472
-0.027437385853250767
-0.05487762446633908
-0.028722328596080825
-0.049256628711462414
-0.040258169813011835
-0.044548647212905544
-0.029518459986722288
-0.0424950892335605
-0.03671521597901937
-0.037749162858601935
-0.05159278502508081
-0.04257293683554688
-0.03306191468149994
-0.029336074714074938
-0.049480481091107816
-0.027002855471357935
-0.03063465238512056
-0.02799673225815285
-0.03478477121780499
-0.04216064190791356
-0.02948815007377507
-0.03246334853526822
-0.026107055369918208
-0.02598587599841972
-0.03215292731419884
-0.03529594500054435
-0.026920908109872545
-0.021352110146390352
